height: 480
width: 640
distortion_model: "plumb_bob"
distortion_matrix: [0.0, 0.0, 0.0, 0.0, 0.0]
camera_matrix: [-0.00015224176, 0.00353294471, -0.935523759, 0.00358134121, 0.000225850347, -1.1642908, 0.0, 0.0, 1.0]
rectification_matrix: [1.0, 0.0, 0.0, 0.0, 1.0, 0.0, 0.0, 0.0, 1.0]
projection_matrix: [320.25492609007654, 0.0, 320.5, -0.0, 0.0, 320.25492609007654, 240.5, 0.0, 0.0, 0.0, 1.0, 0.0]
camera_to_quad_matrix: [-1, 0, 0, 0, -1, 0, 0, 0, -1]
camera_translation: [0.20, 0.0, -0.02]
